---
---
---
  21
3.900000
12.000000
11.400000
---
1.000000
1.000000
1.000000
1.000000
1.000000
Distributed blade properties
---
---
0.00000	0.25000	10.50000	90.37000	44200000.00000	117000000.00000
0.05000	0.25000	10.50000	58.49600	27595540.00000	86179694.00000
0.10000	0.25000	10.48400	47.19200	19615360.00000	82402923.00000
0.15000	0.25000	10.40400	49.10500	15821054.00000	97721049.00000
0.20000	0.25000	10.22600	50.33300	12799255.00000	107457960.00000
0.25000	0.25000	9.85200	48.91200	10427460.00000	106544580.00000
0.30000	0.25000	9.51700	45.97700	8427317.00000	99541685.00000
0.35000	0.25000	9.09600	42.73500	6826572.00000	89815283.00000
0.40000	0.25000	8.55700	39.24300	5550799.00000	77872895.00000
0.45000	0.25000	7.69200	36.02400	4462882.00000	66399835.00000
0.50000	0.25000	6.61600	33.11800	3589918.00000	55463803.00000
0.55000	0.25000	5.61300	30.27200	2821277.00000	45077024.00000
0.60000	0.25000	4.56700	27.52300	2221759.00000	35580668.00000
0.65000	0.25000	3.57500	24.99600	1677427.00000	27506483.00000
0.70000	0.25000	2.73400	22.99100	1264032.00000	22806625.00000
0.75000	0.25000	1.99000	20.92500	883482.00000	18187986.00000
0.80000	0.25000	1.41700	18.62800	625509.00000	13872449.00000
0.85000	0.25000	1.01200	16.20100	382064.00000	9657950.00000
0.90000	0.25000	0.66400	12.87100	239543.00000	6145300.00000
0.95000	0.25000	0.39500	9.53600	103000.00000	2780000.00000
1.00000	0.25000	0.12600	6.10000	103000.00000	2780000.00000
Blade Mode Shapes
0.2990
1.2230
-1.4240
1.5930
-0.6920
-1.4400
-1.2160
-3.7510
13.9230
-6.5160
1.5350
-0.6890
-0.8170
1.8760
-0.9050
